HOME%0,AWAY%1,GAME
0,0,505
0,1,1203
0,10,144
0,11,125
0,12,62
0,13,43
0,14,36
0,15,18
0,16,9
0,17,7
0,18,3
0,19,4
0,2,1272
0,20,1
0,21,1
0,22,2
0,3,1218
0,4,1014
0,5,802
0,6,630
0,7,476
0,8,359
0,9,222
1,0,1268
1,1,1407
1,10,273
1,11,176
1,12,102
1,13,68
1,14,43
1,15,26
1,16,11
1,17,14
1,18,5
1,19,7
1,2,2646
1,20,1
1,22,3
1,3,2129
1,4,1833
1,5,1462
1,6,1084
1,7,840
1,8,597
1,9,380
10,0,211
10,1,325
10,10,73
10,11,86
10,12,58
10,13,29
10,14,23
10,15,14
10,16,9
10,17,4
10,18,4
10,19,2
10,2,380
10,20,2
10,23,2
10,3,406
10,4,378
10,5,324
10,6,265
10,7,198
10,8,177
10,9,100
11,0,113
11,1,204
11,10,50
11,11,49
11,12,40
11,13,34
11,14,15
11,15,12
11,16,6
11,17,3
11,18,2
11,19,3
11,2,291
11,20,2
11,21,1
11,22,1
11,24,1
11,3,298
11,4,239
11,5,225
11,6,206
11,7,153
11,8,94
11,9,82
12,0,75
12,1,121
12,10,38
12,11,24
12,12,20
12,13,18
12,14,12
12,15,6
12,16,1
12,17,1
12,18,1
12,19,1
12,2,181
12,20,1
12,24,1
12,3,183
12,4,191
12,5,162
12,6,125
12,7,99
12,8,74
12,9,57
13,0,48
13,1,96
13,10,26
13,11,14
13,12,14
13,13,8
13,14,7
13,15,5
13,16,5
13,17,2
13,19,1
13,2,110
13,22,1
13,3,137
13,4,126
13,5,107
13,6,78
13,7,49
13,8,41
13,9,26
14,0,31
14,1,46
14,10,14
14,11,7
14,12,7
14,13,3
14,14,3
14,15,3
14,16,3
14,17,1
14,2,72
14,20,1
14,22,1
14,3,63
14,4,70
14,5,61
14,6,52
14,7,38
14,8,28
14,9,15
15,0,11
15,1,26
15,10,9
15,11,7
15,12,6
15,14,2
15,15,4
15,16,1
15,17,1
15,19,1
15,2,37
15,3,51
15,4,38
15,5,39
15,6,27
15,7,38
15,8,22
15,9,12
16,0,14
16,1,19
16,10,6
16,11,3
16,12,3
16,13,1
16,14,1
16,16,1
16,17,2
16,18,1
16,2,9
16,3,31
16,4,29
16,5,30
16,6,22
16,7,16
16,8,13
16,9,3
17,0,3
17,1,8
17,10,3
17,11,4
17,12,1
17,13,4
17,14,1
17,17,1
17,19,1
17,2,18
17,3,23
17,4,13
17,5,10
17,6,17
17,7,12
17,8,11
17,9,5
18,0,4
18,1,6
18,10,3
18,11,2
18,14,1
18,2,9
18,3,13
18,4,8
18,5,5
18,6,7
18,7,5
18,8,3
18,9,6
19,0,3
19,1,4
19,10,2
19,11,1
19,12,1
19,17,1
19,2,6
19,3,4
19,4,1
19,5,2
19,6,5
19,7,5
19,8,6
2,0,1417
2,1,2305
2,10,365
2,11,208
2,12,165
2,13,93
2,14,76
2,15,42
2,16,25
2,17,12
2,18,13
2,19,6
2,2,2035
2,20,2
2,21,1
2,22,1
2,23,1
2,24,1
2,3,3300
2,4,2497
2,5,1914
2,6,1460
2,7,1105
2,8,746
2,9,566
20,1,3
20,10,2
20,11,3
20,2,4
20,3,4
20,4,6
20,5,2
20,6,3
20,7,4
20,8,1
20,9,2
21,1,2
21,12,1
21,2,5
21,4,2
21,6,1
21,7,1
21,8,1
22,1,1
22,2,1
22,23,1
22,4,1
22,6,1
22,7,1
22,8,1
22,9,1
23,1,1
23,13,1
23,2,3
23,3,1
23,4,1
23,6,3
24,10,1
24,4,1
25,8,1
26,23,1
26,7,2
26,8,1
29,4,1
3,0,1402
3,1,2335
3,10,408
3,11,305
3,12,183
3,13,114
3,14,77
3,15,49
3,16,17
3,17,19
3,18,6
3,19,11
3,2,2664
3,21,3
3,22,1
3,26,1
3,3,2174
3,30,1
3,4,3129
3,5,2275
3,6,1698
3,7,1275
3,8,869
3,9,610
4,0,1216
4,1,1992
4,10,416
4,11,264
4,12,175
4,13,119
4,14,76
4,15,43
4,16,37
4,17,15
4,18,10
4,19,4
4,2,2383
4,20,1
4,21,1
4,22,2
4,3,2446
4,4,1801
4,5,2433
4,6,1684
4,7,1211
4,8,867
4,9,578
5,0,1009
5,1,1655
5,10,360
5,11,233
5,12,172
5,13,100
5,14,71
5,15,39
5,16,23
5,17,13
5,18,11
5,19,5
5,2,2097
5,20,1
5,23,1
5,24,1
5,26,1
5,3,2045
5,4,1870
5,5,1391
5,6,1730
5,7,1157
5,8,766
5,9,590
6,0,784
6,1,1349
6,10,324
6,11,233
6,12,135
6,13,91
6,14,55
6,15,35
6,16,20
6,17,8
6,18,9
6,19,6
6,2,1577
6,20,7
6,21,1
6,29,1
6,3,1595
6,4,1475
6,5,1168
6,6,904
6,7,1117
6,8,703
6,9,510
7,0,570
7,1,948
7,10,270
7,11,184
7,12,118
7,13,57
7,14,53
7,15,24
7,16,18
7,17,7
7,18,8
7,19,6
7,2,1137
7,20,2
7,21,3
7,22,1
7,26,1
7,3,1272
7,4,1099
7,5,952
7,6,718
7,7,559
7,8,634
7,9,416
8,0,412
8,1,609
8,10,241
8,11,143
8,12,94
8,13,47
8,14,40
8,15,16
8,16,11
8,17,7
8,18,6
8,19,6
8,2,795
8,20,1
8,21,1
8,23,1
8,3,897
8,4,807
8,5,638
8,6,528
8,7,395
8,8,294
8,9,352
9,0,267
9,1,481
9,10,193
9,11,111
9,12,70
9,13,46
9,14,24
9,15,25
9,16,18
9,17,4
9,18,5
9,19,2
9,2,560
9,21,3
9,23,1
9,3,621
9,4,534
9,5,503
9,6,361
9,7,273
9,8,185
9,9,165
0,0,505
1,0,1203
10,0,144
11,0,125
12,0,62
13,0,43
14,0,36
15,0,18
16,0,9
17,0,7
18,0,3
19,0,4
2,0,1272
20,0,1
21,0,1
22,0,2
3,0,1218
4,0,1014
5,0,802
6,0,630
7,0,476
8,0,359
9,0,222
0,1,1268
1,1,1407
10,1,273
11,1,176
12,1,102
13,1,68
14,1,43
15,1,26
16,1,11
17,1,14
18,1,5
19,1,7
2,1,2646
20,1,1
22,1,3
3,1,2129
4,1,1833
5,1,1462
6,1,1084
7,1,840
8,1,597
9,1,380
0,10,211
1,10,325
10,10,73
11,10,86
12,10,58
13,10,29
14,10,23
15,10,14
16,10,9
17,10,4
18,10,4
19,10,2
2,10,380
20,10,2
23,10,2
3,10,406
4,10,378
5,10,324
6,10,265
7,10,198
8,10,177
9,10,100
0,11,113
1,11,204
10,11,50
11,11,49
12,11,40
13,11,34
14,11,15
15,11,12
16,11,6
17,11,3
18,11,2
19,11,3
2,11,291
20,11,2
21,11,1
22,11,1
24,11,1
3,11,298
4,11,239
5,11,225
6,11,206
7,11,153
8,11,94
9,11,82
0,12,75
1,12,121
10,12,38
11,12,24
12,12,20
13,12,18
14,12,12
15,12,6
16,12,1
17,12,1
18,12,1
19,12,1
2,12,181
20,12,1
24,12,1
3,12,183
4,12,191
5,12,162
6,12,125
7,12,99
8,12,74
9,12,57
0,13,48
1,13,96
10,13,26
11,13,14
12,13,14
13,13,8
14,13,7
15,13,5
16,13,5
17,13,2
19,13,1
2,13,110
22,13,1
3,13,137
4,13,126
5,13,107
6,13,78
7,13,49
8,13,41
9,13,26
0,14,31
1,14,46
10,14,14
11,14,7
12,14,7
13,14,3
14,14,3
15,14,3
16,14,3
17,14,1
2,14,72
20,14,1
22,14,1
3,14,63
4,14,70
5,14,61
6,14,52
7,14,38
8,14,28
9,14,15
0,15,11
1,15,26
10,15,9
11,15,7
12,15,6
14,15,2
15,15,4
16,15,1
17,15,1
19,15,1
2,15,37
3,15,51
4,15,38
5,15,39
6,15,27
7,15,38
8,15,22
9,15,12
0,16,14
1,16,19
10,16,6
11,16,3
12,16,3
13,16,1
14,16,1
16,16,1
17,16,2
18,16,1
2,16,9
3,16,31
4,16,29
5,16,30
6,16,22
7,16,16
8,16,13
9,16,3
0,17,3
1,17,8
10,17,3
11,17,4
12,17,1
13,17,4
14,17,1
17,17,1
19,17,1
2,17,18
3,17,23
4,17,13
5,17,10
6,17,17
7,17,12
8,17,11
9,17,5
0,18,4
1,18,6
10,18,3
11,18,2
14,18,1
2,18,9
3,18,13
4,18,8
5,18,5
6,18,7
7,18,5
8,18,3
9,18,6
0,19,3
1,19,4
10,19,2
11,19,1
12,19,1
17,19,1
2,19,6
3,19,4
4,19,1
5,19,2
6,19,5
7,19,5
8,19,6
0,2,1417
1,2,2305
10,2,365
11,2,208
12,2,165
13,2,93
14,2,76
15,2,42
16,2,25
17,2,12
18,2,13
19,2,6
2,2,2035
20,2,2
21,2,1
22,2,1
23,2,1
24,2,1
3,2,3300
4,2,2497
5,2,1914
6,2,1460
7,2,1105
8,2,746
9,2,566
1,20,3
10,20,2
11,20,3
2,20,4
3,20,4
4,20,6
5,20,2
6,20,3
7,20,4
8,20,1
9,20,2
1,21,2
12,21,1
2,21,5
4,21,2
6,21,1
7,21,1
8,21,1
1,22,1
2,22,1
23,22,1
4,22,1
6,22,1
7,22,1
8,22,1
9,22,1
1,23,1
13,23,1
2,23,3
3,23,1
4,23,1
6,23,3
10,24,1
4,24,1
8,25,1
23,26,1
7,26,2
8,26,1
4,29,1
0,3,1402
1,3,2335
10,3,408
11,3,305
12,3,183
13,3,114
14,3,77
15,3,49
16,3,17
17,3,19
18,3,6
19,3,11
2,3,2664
21,3,3
22,3,1
26,3,1
3,3,2174
30,3,1
4,3,3129
5,3,2275
6,3,1698
7,3,1275
8,3,869
9,3,610
0,4,1216
1,4,1992
10,4,416
11,4,264
12,4,175
13,4,119
14,4,76
15,4,43
16,4,37
17,4,15
18,4,10
19,4,4
2,4,2383
20,4,1
21,4,1
22,4,2
3,4,2446
4,4,1801
5,4,2433
6,4,1684
7,4,1211
8,4,867
9,4,578
0,5,1009
1,5,1655
10,5,360
11,5,233
12,5,172
13,5,100
14,5,71
15,5,39
16,5,23
17,5,13
18,5,11
19,5,5
2,5,2097
20,5,1
23,5,1
24,5,1
26,5,1
3,5,2045
4,5,1870
5,5,1391
6,5,1730
7,5,1157
8,5,766
9,5,590
0,6,784
1,6,1349
10,6,324
11,6,233
12,6,135
13,6,91
14,6,55
15,6,35
16,6,20
17,6,8
18,6,9
19,6,6
2,6,1577
20,6,7
21,6,1
29,6,1
3,6,1595
4,6,1475
5,6,1168
6,6,904
7,6,1117
8,6,703
9,6,510
0,7,570
1,7,948
10,7,270
11,7,184
12,7,118
13,7,57
14,7,53
15,7,24
16,7,18
17,7,7
18,7,8
19,7,6
2,7,1137
20,7,2
21,7,3
22,7,1
26,7,1
3,7,1272
4,7,1099
5,7,952
6,7,718
7,7,559
8,7,634
9,7,416
0,8,412
1,8,609
10,8,241
11,8,143
12,8,94
13,8,47
14,8,40
15,8,16
16,8,11
17,8,7
18,8,6
19,8,6
2,8,795
20,8,1
21,8,1
23,8,1
3,8,897
4,8,807
5,8,638
6,8,528
7,8,395
8,8,294
9,8,352
0,9,267
1,9,481
10,9,193
11,9,111
12,9,70
13,9,46
14,9,24
15,9,25
16,9,18
17,9,4
18,9,5
19,9,2
2,9,560
21,9,3
23,9,1
3,9,621
4,9,534
5,9,503
6,9,361
7,9,273
8,9,185
9,9,165
